-0.8020 0.8961
-0.2925 1.2379
0.8760 1.1163
-0.9268 1.3733
-0.2640 1.5257
0.4372 0.6989
-0.8240 0.6577
0.8844 0.9920
-0.8074 0.6426
0.0071 0.9001
0.0818 0.7781
0.0302 0.6228
-0.9618 1.0165
-0.9983 1.1210
0.4087 0.6389
-0.2265 0.7659
-0.1946 1.3000
0.7000 1.1320
0.9049 1.0553
-0.4432 0.6037
-0.7434 0.8986
-0.7344 0.9430
-0.5574 1.2660
-0.4308 0.6321
-0.9720 0.7966
-0.3128 0.6811
0.0205 1.1655
-0.2293 1.4019
0.6719 0.6413
0.0550 1.1759
0.8748 0.5978
0.1878 0.6045
0.1220 0.1912
-0.7471 1.0604
-0.9729 0.4600
0.6293 0.9751
-0.9569 0.8254
-0.9850 0.9386
-0.0002 0.7082
-0.9086 0.4427
0.1591 0.6775
-0.1334 0.6530
-0.9097 1.0707
0.5215 1.2103
0.9301 0.6431
0.2666 0.5225
0.2526 0.9285
-0.8687 1.1603
0.3375 0.9201
-0.3501 0.7397
-0.4155 1.2490
0.4577 0.3982
0.4678 0.3868
-0.0809 0.9816
-0.1957 0.4876
-0.5281 1.0949
0.9798 0.4504
0.1931 1.1544
0.0700 0.8488
-0.7053 0.3608
0.2621 0.6882
-0.2052 1.0772
0.6214 0.6066
0.1484 0.4095
-0.8580 0.8721
0.5510 0.7565
-0.9382 0.4618
0.5181 0.5447
-0.0843 1.5022
0.8673 0.7205
0.0805 0.9050
-0.7153 1.2022
0.9660 1.2640
0.5876 0.5045
-0.5853 0.7516
0.5204 0.6806
0.6893 0.9688
0.8121 0.9628
-0.8565 1.0024
-0.6705 1.4309
0.4128 0.6192
0.6417 1.3973
0.3143 0.7501
0.4634 0.9166
0.0242 0.6020
0.2119 1.0796
-0.2268 1.1923
-0.6184 0.9862
-0.1704 0.7997
0.9665 0.6293
0.1139 0.8343
0.1621 1.0400
0.9525 0.7614
0.3568 0.7416
-0.9250 0.9129
0.0660 1.1706
0.2271 0.8561
-0.1560 0.7019
0.0262 0.9256
-0.4670 0.6929
